Arm01	TGTGTGTCTATATATCCATACATACATACATACATACATACATACATACATACATACATACATACATACATACACATGTATATATAT	1807	1807	0
Arm01	TGTGTGTCTATATATCCATACATACATACATACATACATACATACATACATACATACATACATACATACATACATACATACATACATACACATGTATATATAT	1218	1218	0
Arm02	No data	0	0	0
Arm03	TTTTCTCTTTCCAATCGTTCAACGCAAACAAATTACAGGTAGAAACAAAAACCCTAATTCTCCATCATCATCATCATCGTTCTCGCATTTACATACATACATACACATATATATTTACA	1429	1429	0
Arm03	TTTTCTCTTTCCAATCGTTCAACGCAAACAAATTACAGGTAGAAACAAAAACCCTAATTCTCCATCATCATCATCATCGTTCTCGCATTTACATACATACATACATACATACATACACATATATATTTACA	1012	1012	0
Arm04	AGTTGTGAGTTAAATCAATCAAAAACCAAAAATACAGATGAAGTGAATCGTTTAATTGATACTATCGAATGGATTAGAATAGTCGGATGCTTGAATCATGACACAATGATTCAGTCATACATACATACATACATACATACATACATACATACATACATACACT	2575	2575	0
Arm04	AGTTGTGAGTTAAATCAATCAAAAACCAAAAATACAGATGAAGTGAATCGTTTAATTGATACTATCGAATGGATTAGAATAGTCGGATGCTTGAATCATGACACAATGATTCAGTCATACATACATACATACATACATACATACATACATACATACATACATACATACATACATACATACATACACT	1341	1341	0
Arm05	No data	0	0	0
Arm06	CCTTATTGCTAGTTCTCATGTTCCCCATACAGGTACGATGGCATACATACATACATACATACATACATTTTAATATATGTAAAGTTCATTTAGAAAATGTTCTATCTTTTGGAAACAGACACTGGTTATCAGTAATATGCAAAGAAT	2133	2133	0
Arm06	Other sequences	86	86	0
Arm07	TTTGTAGGTATAATCACGCATAATAATTATGAAACATATATATATCTATGTATGTATGTATGTATGTATGTATGGTTTTCTGTGAATAATCGCACATTACTATCACACAACGTAGATATAAAATTAAACAAATACATATTGTAATCACGCCTAGTATAATAGCGTTATAAAAATAAA	15	15	0
Arm07	TTTGTAGGTATAATCACGCATAATAATTATGAAACATATATATATCTATGTATGTATGTATGTATGTATGTATGTATGTATGGTTTTCTGTGAATAATCGCACATTACTATCACACAACGTAGATATAAAATTAAACAAATACATATTGTAATCACGCCTAGTATAATAGCGTTATAAAAATAAA	5	5	0
Arm08	CATGGCTGCCACACCCACTTCTTAAACCATCATCATTTTCATGTTGTATGTATGTATGTATGTATGTATGTATGTATGTATGTATGTATGATTGATGATGCATGAGATA	3090	3089	1
Arm08	CATGGCTGCCACACCCACTTCTTAAACCATCATCATTTTCATGTTGTATGTATGTATGTATGTATGTATGTATGTATGTATGTATGTATGTATGATTGATGATGCATGAGATA	1463	1463	0
Arm09	No data	0	0	0
Arm10	No data	0	0	0
Arm11	ATATGTTGTGACTGGTGTGTGTGTGTGTGTGAACTGATGGGTGATCATTTGGTTTCAACTTCACAGATGACTGAAAGATTCCAAGAAGGAAAATCTGCAGGATTGGAA	1559	1559	0
Arm11	ATATGTTGTGACTGGTGTGTGTGTGTGTGTGTGAACTGATGGTTGATCATTTGGTGTCAACTTCACAGATGACTGAAAGATTCCAAGAAGGAAAATCTGCAGGATTGGAA	1157	1157	0
Armo01	No data	0	0	0
Armo02	No data	0	0	0
Armo03	No data	0	0	0
Am-AG-1	No data	0	0	0
Am-AG-10	No data	0	0	0
Am-AG-10	No data	0	0	0
Am-AG-2B	No data	0	0	0
Am-AG-4B	No data	0	0	0
Am-AG-11	No data	0	0	0
Am-ATC-2	No data	0	0	0
Am-ATC-3	No data	0	0	0
Am-CT-2	No data	0	0	0
Am-CT-5	No data	0	0	0
