marker	unique_seqs	tPaired	fPaired	rPaired	tLeft	fLeft	rLeft	tRight	fRight	rRight
Am-AG-1	0	0	0	0	5	0	5	0	0	0
Am-AG-10	0	0	0	0	0	0	0	0	0	0
Am-AG-11	0	0	0	0	0	0	0	0	0	0
Am-AG-2B	0	0	0	0	0	0	0	0	0	0
Am-AG-4B	0	0	0	0	0	0	0	0	0	0
Am-ATC-2	0	0	0	0	0	0	0	0	0	0
Am-ATC-3	0	0	0	0	0	0	0	0	0	0
Am-CT-2	0	0	0	0	0	0	0	0	0	0
Am-CT-5	0	0	0	0	0	0	0	0	0	0
Arm01	157	5162	5162	0	5462	5462	0	5534	5534	0
Arm02	0	0	0	0	0	0	0	0	0	0
Arm03	187	4311	4311	0	4474	4474	0	4528	4528	0
Arm04	287	5100	5100	0	5307	5306	1	5256	5255	1
Arm05	0	0	0	0	0	0	0	0	0	0
Arm06	183	3864	3864	0	4083	4083	0	4005	4005	0
Arm07	40	497	497	0	518	518	0	534	533	1
Arm08	117	5310	5310	0	5320	5320	0	5343	5341	2
Arm09	0	0	0	0	0	0	0	0	0	0
Arm10	0	0	0	0	0	0	0	0	0	0
Arm11	174	4230	4230	0	4242	4242	0	4232	4232	0
Armo01	0	0	0	0	0	0	0	0	0	0
Armo02	0	0	0	0	0	0	0	0	0	0
Armo03	0	0	0	0	0	0	0	0	0	0

total reads	29461
unrecognised reads	0
