marker	unique_seqs	tPaired	fPaired	rPaired	tLeft	fLeft	rLeft	tRight	fRight	rRight
Am-AG-1	0	0	0	0	1	0	1	0	0	0
Am-AG-10	0	0	0	0	0	0	0	0	0	0
Am-AG-11	0	0	0	0	0	0	0	0	0	0
Am-AG-2B	0	0	0	0	0	0	0	0	0	0
Am-AG-4B	0	0	0	0	0	0	0	0	0	0
Am-ATC-2	0	0	0	0	0	0	0	0	0	0
Am-ATC-3	0	0	0	0	0	0	0	0	0	0
Am-CT-2	0	0	0	0	0	0	0	0	0	0
Am-CT-5	0	0	0	0	0	0	0	0	0	0
Arm01	108	2511	2511	0	2712	2712	0	2793	2793	0
Arm02	0	0	0	0	0	0	0	0	0	0
Arm03	117	2242	2242	0	2322	2322	0	2371	2371	0
Arm04	246	2424	2424	0	2624	2623	1	2585	2584	1
Arm05	0	0	0	0	0	0	0	0	0	0
Arm06	99	1846	1846	0	2001	2000	1	1911	1911	0
Arm07	48	607	607	0	635	635	0	624	624	0
Arm08	97	3031	3031	0	3050	3050	0	3068	3066	2
Arm09	0	0	0	0	0	0	0	0	0	0
Arm10	0	0	0	0	0	0	0	0	0	0
Arm11	99	2392	2392	0	2398	2398	0	2393	2393	0
Armo01	0	0	0	0	0	0	0	0	0	0
Armo02	0	0	0	0	0	0	0	0	0	0
Armo03	0	0	0	0	0	0	0	0	0	0

total reads	15757
unrecognised reads	0
