marker	unique_seqs	tPaired	fPaired	rPaired	tLeft	fLeft	rLeft	tRight	fRight	rRight
Am-AG-1	0	0	0	0	3	0	3	0	0	0
Am-AG-10	0	0	0	0	0	0	0	0	0	0
Am-AG-11	0	0	0	0	0	0	0	0	0	0
Am-AG-2B	0	0	0	0	0	0	0	0	0	0
Am-AG-4B	0	0	0	0	0	0	0	0	0	0
Am-ATC-2	0	0	0	0	0	0	0	0	0	0
Am-ATC-3	0	0	0	0	0	0	0	0	0	0
Am-CT-2	0	0	0	0	0	0	0	0	0	0
Am-CT-5	0	0	0	0	0	0	0	0	0	0
Arm01	116	2609	2609	0	2788	2787	1	2877	2877	0
Arm02	0	0	0	0	0	0	0	0	0	0
Arm03	121	2238	2238	0	2338	2338	0	2356	2355	1
Arm04	316	4181	4181	0	4354	4354	0	4346	4344	2
Arm05	0	0	0	0	0	0	0	0	0	0
Arm06	111	1878	1878	0	2034	2033	1	1937	1937	0
Arm07	24	238	238	0	255	255	0	282	282	0
Arm08	136	4323	4322	1	4360	4355	5	4359	4356	3
Arm09	0	0	0	0	0	0	0	0	0	0
Arm10	0	0	0	0	0	0	0	0	0	0
Arm11	161	3491	3491	0	3509	3509	0	3494	3494	0
Armo01	0	0	0	0	0	0	0	0	0	0
Armo02	0	0	0	0	0	0	0	0	0	0
Armo03	0	0	0	0	0	0	0	0	0	0

total reads	19679
unrecognised reads	0
