marker	unique_seqs	tPaired	fPaired	rPaired	tLeft	fLeft	rLeft	tRight	fRight	rRight
Am-AG-1	0	0	0	0	1	0	1	0	0	0
Am-AG-10	0	0	0	0	0	0	0	0	0	0
Am-AG-11	0	0	0	0	0	0	0	0	0	0
Am-AG-2B	0	0	0	0	0	0	0	0	0	0
Am-AG-4B	0	0	0	0	0	0	0	0	0	0
Am-ATC-2	0	0	0	0	0	0	0	0	0	0
Am-ATC-3	0	0	0	0	0	0	0	0	0	0
Am-CT-2	0	0	0	0	0	0	0	0	0	0
Am-CT-5	0	0	0	0	0	0	0	0	0	0
Arm01	114	2921	2921	0	3232	3232	0	3243	3243	0
Arm02	0	0	0	0	0	0	0	0	0	0
Arm03	164	3133	3133	0	3201	3201	0	3228	3228	0
Arm04	366	5584	5583	1	5787	5785	2	5764	5762	2
Arm05	0	0	0	0	0	0	0	0	0	0
Arm06	164	2315	2315	0	2602	2601	1	2577	2577	0
Arm07	3	7	7	0	7	7	0	24	24	0
Arm08	144	3874	3872	2	3898	3889	9	3894	3884	10
Arm09	0	0	0	0	0	0	0	0	0	0
Arm10	0	0	0	0	0	0	0	0	0	0
Arm11	156	4520	4520	0	4535	4535	0	4520	4520	0
Armo01	0	0	0	0	0	0	0	0	0	0
Armo02	0	0	0	0	0	0	0	0	0	0
Armo03	0	0	0	0	0	0	0	0	0	0

total reads	23295
unrecognised reads	0
