marker	unique_seqs	tPaired	fPaired	rPaired	tLeft	fLeft	rLeft	tRight	fRight	rRight
Am-AG-1	0	0	0	0	7	0	7	0	0	0
Am-AG-10	0	0	0	0	0	0	0	0	0	0
Am-AG-11	0	0	0	0	0	0	0	0	0	0
Am-AG-2B	0	0	0	0	0	0	0	0	0	0
Am-AG-4B	0	0	0	0	0	0	0	0	0	0
Am-ATC-2	0	0	0	0	0	0	0	0	0	0
Am-ATC-3	0	0	0	0	0	0	0	0	0	0
Am-CT-2	0	0	0	0	0	0	0	0	0	0
Am-CT-5	0	0	0	0	0	0	0	0	0	0
Arm01	99	2525	2525	0	2734	2734	0	2724	2724	0
Arm02	0	0	0	0	0	0	0	0	0	0
Arm03	135	2429	2429	0	2503	2503	0	2545	2545	0
Arm04	271	3926	3926	0	4141	4141	0	4126	4124	2
Arm05	0	0	0	0	0	0	0	0	0	0
Arm06	91	1992	1992	0	2087	2087	0	2068	2068	0
Arm07	85	1468	1468	0	1493	1493	0	1507	1507	0
Arm08	116	4802	4801	1	4832	4827	5	4841	4838	3
Arm09	0	0	0	0	0	0	0	0	0	0
Arm10	0	0	0	0	0	0	0	0	0	0
Arm11	136	3665	3665	0	3672	3672	0	3666	3666	0
Armo01	0	0	0	0	0	0	0	0	0	0
Armo02	0	0	0	0	0	0	0	0	0	0
Armo03	0	0	0	0	0	0	0	0	0	0

total reads	21496
unrecognised reads	0
