marker	unique_seqs	tPaired	fPaired	rPaired	tLeft	fLeft	rLeft	tRight	fRight	rRight
Am-AG-1	0	0	0	0	10	0	10	0	0	0
Am-AG-10	0	0	0	0	0	0	0	0	0	0
Am-AG-11	0	0	0	0	0	0	0	0	0	0
Am-AG-2B	0	0	0	0	0	0	0	0	0	0
Am-AG-4B	0	0	0	0	0	0	0	0	0	0
Am-ATC-2	0	0	0	0	0	0	0	0	0	0
Am-ATC-3	0	0	0	0	0	0	0	0	0	0
Am-CT-2	0	0	0	0	0	0	0	0	0	0
Am-CT-5	0	0	0	0	0	0	0	0	0	0
Arm01	155	1902	1902	0	2052	2052	0	2067	2067	0
Arm02	0	0	0	0	0	0	0	0	0	0
Arm03	187	1732	1732	0	1806	1806	0	1817	1817	0
Arm04	445	2715	2715	0	2865	2864	1	2838	2837	1
Arm05	0	0	0	0	0	0	0	0	0	0
Arm06	116	1251	1251	0	1328	1328	0	1309	1309	0
Arm07	60	431	431	0	435	435	0	449	449	0
Arm08	115	2324	2324	0	2346	2343	3	2335	2335	0
Arm09	0	0	0	0	0	0	0	0	0	0
Arm10	0	0	0	0	0	0	0	0	0	0
Arm11	153	2209	2208	1	2213	2212	1	2209	2208	1
Armo01	0	0	0	0	0	0	0	0	0	0
Armo02	0	0	0	0	0	0	0	0	0	0
Armo03	0	0	0	0	0	0	0	0	0	0

total reads	13059
unrecognised reads	0
