marker	unique_seqs	tPaired	fPaired	rPaired	tLeft	fLeft	rLeft	tRight	fRight	rRight
Am-AG-1	0	0	0	0	3	0	3	0	0	0
Am-AG-10	0	0	0	0	0	0	0	0	0	0
Am-AG-11	0	0	0	0	0	0	0	0	0	0
Am-AG-2B	0	0	0	0	0	0	0	0	0	0
Am-AG-4B	0	0	0	0	0	0	0	0	0	0
Am-ATC-2	0	0	0	0	0	0	0	0	0	0
Am-ATC-3	0	0	0	0	0	0	0	0	0	0
Am-CT-2	0	0	0	0	0	0	0	0	0	0
Am-CT-5	0	0	0	0	0	0	0	0	0	0
Arm01	76	2423	2423	0	2624	2623	1	2651	2651	0
Arm02	0	0	0	0	0	0	0	0	0	0
Arm03	113	1834	1834	0	1922	1922	0	1949	1949	0
Arm04	229	3030	3030	0	3184	3181	3	3222	3222	0
Arm05	0	0	0	0	0	0	0	0	0	0
Arm06	82	1621	1621	0	1759	1759	0	1670	1670	0
Arm07	3	8	8	0	9	9	0	15	15	0
Arm08	134	4067	4065	2	4076	4073	3	4082	4079	3
Arm09	0	0	0	0	0	0	0	0	0	0
Arm10	0	0	0	0	0	0	0	0	0	0
Arm11	138	3562	3562	0	3571	3571	0	3563	3563	0
Armo01	0	0	0	0	0	0	0	0	0	0
Armo02	0	0	0	0	0	0	0	0	0	0
Armo03	0	0	0	0	0	0	0	0	0	0

total reads	17174
unrecognised reads	0
