marker	unique_seqs	tPaired	fPaired	rPaired	tLeft	fLeft	rLeft	tRight	fRight	rRight
Am-AG-1	0	0	0	0	4	0	4	0	0	0
Am-AG-10	0	0	0	0	0	0	0	0	0	0
Am-AG-11	0	0	0	0	0	0	0	0	0	0
Am-AG-2B	0	0	0	0	0	0	0	0	0	0
Am-AG-4B	0	0	0	0	0	0	0	0	0	0
Am-ATC-2	0	0	0	0	0	0	0	0	0	0
Am-ATC-3	0	0	0	0	0	0	0	0	0	0
Am-CT-2	0	0	0	0	0	0	0	0	0	0
Am-CT-5	0	0	0	0	0	0	0	0	0	0
Arm01	109	2725	2725	0	2920	2920	0	2911	2910	1
Arm02	0	0	0	0	0	0	0	0	0	0
Arm03	94	1997	1997	0	2045	2045	0	2097	2097	0
Arm04	211	3260	3260	0	3443	3442	1	3384	3384	0
Arm05	0	0	0	0	0	0	0	0	0	0
Arm06	114	2139	2138	1	2246	2245	1	2230	2229	1
Arm07	4	9	9	0	9	9	0	19	19	0
Arm08	85	2687	2686	1	2693	2690	3	2696	2695	1
Arm09	0	0	0	0	0	0	0	0	0	0
Arm10	0	0	0	0	0	0	0	0	0	0
Arm11	114	2725	2725	0	2738	2738	0	2725	2725	0
Armo01	0	0	0	0	0	0	0	0	0	0
Armo02	0	0	0	0	0	0	0	0	0	0
Armo03	0	0	0	0	0	0	0	0	0	0

total reads	16115
unrecognised reads	0
