marker	unique_seqs	tPaired	fPaired	rPaired	tLeft	fLeft	rLeft	tRight	fRight	rRight
Am-AG-1	0	0	0	0	2	0	2	0	0	0
Am-AG-10	0	0	0	0	0	0	0	0	0	0
Am-AG-11	0	0	0	0	0	0	0	0	0	0
Am-AG-2B	0	0	0	0	0	0	0	0	0	0
Am-AG-4B	0	0	0	0	0	0	0	0	0	0
Am-ATC-2	0	0	0	0	0	0	0	0	0	0
Am-ATC-3	0	0	0	0	0	0	0	0	0	0
Am-CT-2	0	0	0	0	0	0	0	0	0	0
Am-CT-5	0	0	0	0	0	0	0	0	0	0
Arm01	62	1533	1532	1	1672	1670	2	1680	1679	1
Arm02	0	0	0	0	0	0	0	0	0	0
Arm03	84	1400	1400	0	1458	1458	0	1467	1467	0
Arm04	195	2780	2780	0	2929	2929	0	2920	2920	0
Arm05	0	0	0	0	0	0	0	0	0	0
Arm06	67	1112	1112	0	1192	1191	1	1144	1144	0
Arm07	7	53	53	0	54	54	0	64	64	0
Arm08	90	3332	3330	2	3339	3337	2	3342	3340	2
Arm09	0	0	0	0	0	0	0	0	0	0
Arm10	0	0	0	0	0	0	0	0	0	0
Arm11	126	2634	2634	0	2640	2640	0	2638	2638	0
Armo01	0	0	0	0	0	0	0	0	0	0
Armo02	0	0	0	0	0	0	0	0	0	0
Armo03	0	0	0	0	0	0	0	0	0	0

total reads	13308
unrecognised reads	0
