marker	unique_seqs	tPaired	fPaired	rPaired	tLeft	fLeft	rLeft	tRight	fRight	rRight
Am-AG-1	0	0	0	0	5	0	5	0	0	0
Am-AG-10	0	0	0	0	0	0	0	0	0	0
Am-AG-11	0	0	0	0	0	0	0	0	0	0
Am-AG-2B	0	0	0	0	0	0	0	0	0	0
Am-AG-4B	0	0	0	0	0	0	0	0	0	0
Am-ATC-2	0	0	0	0	0	0	0	0	0	0
Am-ATC-3	0	0	0	0	0	0	0	0	0	0
Am-CT-2	0	0	0	0	0	0	0	0	0	0
Am-CT-5	0	0	0	0	0	0	0	0	0	0
Arm01	147	6169	6169	0	6558	6556	2	6640	6640	0
Arm02	0	0	0	0	0	0	0	0	0	0
Arm03	217	5016	5016	0	5192	5191	1	5286	5286	0
Arm04	528	8458	8458	0	8844	8842	2	8824	8823	1
Arm05	0	0	0	0	0	0	0	0	0	0
Arm06	177	4483	4483	0	4727	4726	1	4551	4551	0
Arm07	100	1466	1466	0	1499	1498	1	1519	1519	0
Arm08	188	9751	9751	0	9788	9785	3	9810	9808	2
Arm09	0	0	0	0	0	0	0	0	0	0
Arm10	0	0	0	0	0	0	0	0	0	0
Arm11	288	7647	7647	0	7686	7686	0	7652	7652	0
Armo01	0	0	0	0	0	0	0	0	0	0
Armo02	0	0	0	0	0	0	0	0	0	0
Armo03	0	0	0	0	0	0	0	0	0	0

total reads	44362
unrecognised reads	0
