marker	unique_seqs	tPaired	fPaired	rPaired	tLeft	fLeft	rLeft	tRight	fRight	rRight
Am-AG-1	0	0	0	0	3	0	3	0	0	0
Am-AG-10	0	0	0	0	0	0	0	0	0	0
Am-AG-11	0	0	0	0	0	0	0	0	0	0
Am-AG-2B	0	0	0	0	0	0	0	0	0	0
Am-AG-4B	0	0	0	0	0	0	0	0	0	0
Am-ATC-2	0	0	0	0	0	0	0	0	0	0
Am-ATC-3	0	0	0	0	0	0	0	0	0	0
Am-CT-2	0	0	0	0	0	0	0	0	0	0
Am-CT-5	0	0	0	0	0	0	0	0	0	0
Arm01	135	4519	4519	0	5083	5081	2	4971	4971	0
Arm02	0	0	0	0	0	0	0	0	0	0
Arm03	210	3917	3917	0	4006	4006	0	4124	4124	0
Arm04	368	6446	6446	0	6739	6735	4	6694	6691	3
Arm05	0	0	0	0	0	0	0	0	0	0
Arm06	190	2566	2566	0	2995	2991	4	3070	3069	1
Arm07	140	1784	1784	0	1838	1838	0	1872	1868	4
Arm08	160	6565	6565	0	6656	6652	4	6644	6639	5
Arm09	0	0	0	0	0	0	0	0	0	0
Arm10	0	0	0	0	0	0	0	0	0	0
Arm11	204	5254	5254	0	5269	5269	0	5258	5258	0
Armo01	0	0	0	0	0	0	0	0	0	0
Armo02	0	0	0	0	0	0	0	0	0	0
Armo03	0	0	0	0	0	0	0	0	0	0

total reads	32694
unrecognised reads	0
