marker	unique_seqs	tPaired	fPaired	rPaired	tLeft	fLeft	rLeft	tRight	fRight	rRight
Am-AG-1	0	0	0	0	4	0	4	0	0	0
Am-AG-10	0	0	0	0	0	0	0	0	0	0
Am-AG-11	0	0	0	0	0	0	0	0	0	0
Am-AG-2B	0	0	0	0	0	0	0	0	0	0
Am-AG-4B	0	0	0	0	0	0	0	0	0	0
Am-ATC-2	0	0	0	0	0	0	0	0	0	0
Am-ATC-3	0	0	0	0	0	0	0	0	0	0
Am-CT-2	0	0	0	0	0	0	0	0	0	0
Am-CT-5	0	0	0	0	0	0	0	0	0	0
Arm01	121	3635	3635	0	3917	3916	1	3943	3942	1
Arm02	0	0	0	0	0	0	0	0	0	0
Arm03	124	2630	2630	0	2693	2693	0	2751	2751	0
Arm04	297	4795	4795	0	5042	5040	2	4993	4992	1
Arm05	0	0	0	0	0	0	0	0	0	0
Arm06	102	2321	2321	0	2440	2438	2	2369	2369	0
Arm07	4	22	22	0	23	23	0	3851	3849	2
Arm08	141	4993	4992	1	5015	5009	6	5017	5007	10
Arm09	0	0	0	0	0	0	0	0	0	0
Arm10	0	0	0	0	0	0	0	0	0	0
Arm11	168	3467	3467	0	7291	7289	2	3500	3500	0
Armo01	0	0	0	0	0	0	0	0	0	0
Armo02	0	0	0	0	0	0	0	0	0	0
Armo03	0	0	0	0	0	0	0	0	0	0

total reads	26456
unrecognised reads	0
