marker	unique_seqs	tPaired	fPaired	rPaired	tLeft	fLeft	rLeft	tRight	fRight	rRight
Am-AG-1	0	0	0	0	5	0	5	0	0	0
Am-AG-10	0	0	0	0	0	0	0	0	0	0
Am-AG-11	0	0	0	0	0	0	0	0	0	0
Am-AG-2B	0	0	0	0	0	0	0	0	0	0
Am-AG-4B	0	0	0	0	0	0	0	0	0	0
Am-ATC-2	0	0	0	0	0	0	0	0	0	0
Am-ATC-3	0	0	0	0	0	0	0	0	0	0
Am-CT-2	0	0	0	0	0	0	0	0	0	0
Am-CT-5	0	0	0	0	0	0	0	0	0	0
Arm01	79	1404	1404	0	1508	1508	0	1522	1522	0
Arm02	0	0	0	0	0	0	0	0	0	0
Arm03	84	1277	1277	0	1321	1321	0	1342	1342	0
Arm04	200	1833	1833	0	1913	1913	0	1902	1902	0
Arm05	0	0	0	0	0	0	0	0	0	0
Arm06	68	1016	1016	0	1095	1095	0	1072	1072	0
Arm07	1	1	1	0	1	1	0	158	158	0
Arm08	62	2171	2170	1	2326	2325	1	2178	2176	2
Arm09	0	0	0	0	0	0	0	0	0	0
Arm10	0	0	0	0	0	0	0	0	0	0
Arm11	87	1702	1702	0	1705	1705	0	1702	1702	0
Armo01	0	0	0	0	0	0	0	0	0	0
Armo02	0	0	0	0	0	0	0	0	0	0
Armo03	0	0	0	0	0	0	0	0	0	0

total reads	9887
unrecognised reads	0
