marker	unique_seqs	tPaired	fPaired	rPaired	tLeft	fLeft	rLeft	tRight	fRight	rRight
Am-AG-1	0	0	0	0	6	0	6	0	0	0
Am-AG-10	0	0	0	0	0	0	0	0	0	0
Am-AG-11	0	0	0	0	0	0	0	0	0	0
Am-AG-2B	0	0	0	0	0	0	0	0	0	0
Am-AG-4B	0	0	0	0	0	0	0	0	0	0
Am-ATC-2	0	0	0	0	0	0	0	0	0	0
Am-ATC-3	0	0	0	0	0	0	0	0	0	0
Am-CT-2	0	0	0	0	0	0	0	0	0	0
Am-CT-5	0	0	0	0	0	0	0	0	0	0
Arm01	91	3246	3246	0	3533	3533	0	3530	3530	0
Arm02	0	0	0	0	0	0	0	0	0	0
Arm03	105	2344	2344	0	2448	2447	1	2529	2529	0
Arm04	346	5146	5145	1	5423	5422	1	5411	5406	5
Arm05	0	0	0	0	0	0	0	0	0	0
Arm06	102	2191	2191	0	2305	2305	0	2245	2245	0
Arm07	37	498	498	0	525	525	0	519	519	0
Arm08	172	6321	6321	0	6345	6345	0	6367	6367	0
Arm09	0	0	0	0	0	0	0	0	0	0
Arm10	0	0	0	0	0	0	0	0	0	0
Arm11	170	5015	5015	0	5027	5027	0	5024	5024	0
Armo01	0	0	0	0	0	0	0	0	0	0
Armo02	0	0	0	0	0	0	0	0	0	0
Armo03	0	0	0	0	0	0	0	0	0	0

total reads	25643
unrecognised reads	0
