marker	unique_seqs	tPaired	fPaired	rPaired	tLeft	fLeft	rLeft	tRight	fRight	rRight
Am-AG-1	0	0	0	0	1	0	1	0	0	0
Am-AG-10	0	0	0	0	0	0	0	0	0	0
Am-AG-11	0	0	0	0	0	0	0	0	0	0
Am-AG-2B	0	0	0	0	0	0	0	0	0	0
Am-AG-4B	0	0	0	0	0	0	0	0	0	0
Am-ATC-2	0	0	0	0	0	0	0	0	0	0
Am-ATC-3	0	0	0	0	0	0	0	0	0	0
Am-CT-2	0	0	0	0	0	0	0	0	0	0
Am-CT-5	0	0	0	0	0	0	0	0	0	0
Arm01	109	2887	2887	0	3138	3137	1	3181	3181	0
Arm02	0	0	0	0	0	0	0	0	0	0
Arm03	123	2047	2047	0	2134	2134	0	2225	2225	0
Arm04	238	3295	3295	0	3528	3528	0	3480	3479	1
Arm05	0	0	0	0	0	0	0	0	0	0
Arm06	89	2014	2014	0	2177	2176	1	2082	2082	0
Arm07	43	368	368	0	394	394	0	405	404	1
Arm08	100	4250	4250	0	4267	4267	0	4293	4291	2
Arm09	0	0	0	0	0	0	0	0	0	0
Arm10	0	0	0	0	0	0	0	0	0	0
Arm11	128	3316	3316	0	3323	3323	0	3327	3327	0
Armo01	0	0	0	0	0	0	0	0	0	0
Armo02	0	0	0	0	0	0	0	0	0	0
Armo03	0	0	0	0	0	0	0	0	0	0

total reads	19007
unrecognised reads	0
