marker	unique_seqs	tPaired	fPaired	rPaired	tLeft	fLeft	rLeft	tRight	fRight	rRight
Am-AG-1	0	0	0	0	1	0	1	0	0	0
Am-AG-10	0	0	0	0	0	0	0	0	0	0
Am-AG-11	0	0	0	0	0	0	0	0	0	0
Am-AG-2B	0	0	0	0	0	0	0	0	0	0
Am-AG-4B	0	0	0	0	0	0	0	0	0	0
Am-ATC-2	0	0	0	0	0	0	0	0	0	0
Am-ATC-3	0	0	0	0	0	0	0	0	0	0
Am-CT-2	0	0	0	0	0	0	0	0	0	0
Am-CT-5	0	0	0	0	0	0	0	0	0	0
Arm01	43	1283	1283	0	1388	1387	1	1372	1372	0
Arm02	0	0	0	0	0	0	0	0	0	0
Arm03	59	1089	1089	0	1130	1129	1	1171	1171	0
Arm04	183	2434	2434	0	2532	2532	0	2495	2494	1
Arm05	0	0	0	0	0	0	0	0	0	0
Arm06	46	927	927	0	987	987	0	989	989	0
Arm07	9	77	77	0	81	81	0	113	113	0
Arm08	89	2397	2396	1	2421	2420	1	2413	2409	4
Arm09	0	0	0	0	0	0	0	0	0	0
Arm10	0	0	0	0	0	0	0	0	0	0
Arm11	99	2009	2009	0	2015	2015	0	2010	2010	0
Armo01	0	0	0	0	0	0	0	0	0	0
Armo02	0	0	0	0	0	0	0	0	0	0
Armo03	0	0	0	0	0	0	0	0	0	0

total reads	10586
unrecognised reads	0
