marker	unique_seqs	tPaired	fPaired	rPaired	tLeft	fLeft	rLeft	tRight	fRight	rRight
Am-AG-1	0	0	0	0	1	0	1	0	0	0
Am-AG-10	0	0	0	0	0	0	0	0	0	0
Am-AG-11	0	0	0	0	0	0	0	0	0	0
Am-AG-2B	0	0	0	0	0	0	0	0	0	0
Am-AG-4B	0	0	0	0	0	0	0	0	0	0
Am-ATC-2	0	0	0	0	0	0	0	0	0	0
Am-ATC-3	0	0	0	0	0	0	0	0	0	0
Am-CT-2	0	0	0	0	0	0	0	0	0	0
Am-CT-5	0	0	0	0	0	0	0	0	0	0
Arm01	123	3322	3322	0	3610	3608	2	3643	3642	1
Arm02	0	0	0	0	0	0	0	0	0	0
Arm03	156	3440	3440	0	3587	3587	0	3594	3594	0
Arm04	352	6004	6004	0	6200	6200	0	6219	6218	1
Arm05	0	0	0	0	0	0	0	0	0	0
Arm06	137	2947	2947	0	3158	3156	2	3099	3098	1
Arm07	24	284	284	0	302	301	1	311	311	0
Arm08	133	5065	5065	0	5092	5090	2	5095	5092	3
Arm09	0	0	0	0	0	0	0	0	0	0
Arm10	0	0	0	0	0	0	0	0	0	0
Arm11	168	3943	3943	0	3955	3955	0	3952	3952	0
Armo01	0	0	0	0	0	0	0	0	0	0
Armo02	0	0	0	0	0	0	0	0	0	0
Armo03	0	0	0	0	0	0	0	0	0	0

total reads	25943
unrecognised reads	0
