marker	unique_seqs	tPaired	fPaired	rPaired	tLeft	fLeft	rLeft	tRight	fRight	rRight
Am-AG-1	0	0	0	0	0	0	0	0	0	0
Am-AG-10	0	0	0	0	0	0	0	0	0	0
Am-AG-11	0	0	0	0	0	0	0	0	0	0
Am-AG-2B	0	0	0	0	0	0	0	0	0	0
Am-AG-4B	0	0	0	0	0	0	0	0	0	0
Am-ATC-2	0	0	0	0	0	0	0	0	0	0
Am-ATC-3	0	0	0	0	0	0	0	0	0	0
Am-CT-2	0	0	0	0	0	0	0	0	0	0
Am-CT-5	0	0	0	0	0	0	0	0	0	0
Arm01	105	3491	3491	0	3713	3713	0	3714	3714	0
Arm02	0	0	0	0	0	0	0	0	0	0
Arm03	146	3264	3264	0	3345	3345	0	3350	3350	0
Arm04	206	3320	3320	0	4113	4109	4	3568	3568	0
Arm05	0	0	0	0	0	0	0	0	0	0
Arm06	124	2757	2757	0	2858	2858	0	2816	2816	0
Arm07	0	0	0	0	3	3	0	33	33	0
Arm08	31	787	787	0	795	791	4	792	791	1
Arm09	0	0	0	0	0	0	0	0	0	0
Arm10	0	0	0	0	0	0	0	0	0	0
Arm11	165	4016	4016	0	4042	4042	0	4616	4616	0
Armo01	0	0	0	0	0	0	0	0	0	0
Armo02	0	0	0	0	0	0	0	0	0	0
Armo03	0	0	0	0	0	0	0	0	0	0

total reads	18923
unrecognised reads	0
