marker	unique_seqs	tPaired	fPaired	rPaired	tLeft	fLeft	rLeft	tRight	fRight	rRight
Am-AG-1	0	0	0	0	0	0	0	0	0	0
Am-AG-10	0	0	0	0	0	0	0	0	0	0
Am-AG-11	0	0	0	0	0	0	0	0	0	0
Am-AG-2B	0	0	0	0	0	0	0	0	0	0
Am-AG-4B	0	0	0	0	0	0	0	0	0	0
Am-ATC-2	0	0	0	0	0	0	0	0	0	0
Am-ATC-3	0	0	0	0	0	0	0	0	0	0
Am-CT-2	0	0	0	0	0	0	0	0	0	0
Am-CT-5	0	0	0	0	0	0	0	0	0	0
Arm01	96	2083	2083	0	2373	2371	2	2385	2385	0
Arm02	0	0	0	0	0	0	0	0	0	0
Arm03	107	2203	2203	0	2252	2252	0	2315	2315	0
Arm04	241	3697	3697	0	3900	3899	1	3880	3878	2
Arm05	0	0	0	0	0	0	0	0	0	0
Arm06	123	1429	1429	0	1724	1722	2	1664	1663	1
Arm07	3	9	9	0	29	29	0	89	89	0
Arm08	84	3242	3240	2	3253	3250	3	3278	3272	6
Arm09	0	0	0	0	0	0	0	0	0	0
Arm10	0	0	0	0	0	0	0	0	0	0
Arm11	98	3061	3061	0	3075	3075	0	3061	3061	0
Armo01	0	0	0	0	0	0	0	0	0	0
Armo02	0	0	0	0	0	0	0	0	0	0
Armo03	0	0	0	0	0	0	0	0	0	0

total reads	16706
unrecognised reads	0
