marker	unique_seqs	tPaired	fPaired	rPaired	tLeft	fLeft	rLeft	tRight	fRight	rRight
Am-AG-1	0	0	0	0	3	0	3	0	0	0
Am-AG-10	0	0	0	0	0	0	0	0	0	0
Am-AG-11	0	0	0	0	0	0	0	0	0	0
Am-AG-2B	0	0	0	0	0	0	0	0	0	0
Am-AG-4B	0	0	0	0	0	0	0	0	0	0
Am-ATC-2	0	0	0	0	0	0	0	0	0	0
Am-ATC-3	0	0	0	0	0	0	0	0	0	0
Am-CT-2	0	0	0	0	0	0	0	0	0	0
Am-CT-5	0	0	0	0	0	0	0	0	0	0
Arm01	109	3943	3943	0	4202	4202	0	4270	4270	0
Arm02	0	0	0	0	0	0	0	0	0	0
Arm03	155	3273	3273	0	3414	3414	0	3428	3428	0
Arm04	310	4735	4734	1	4959	4956	3	4958	4957	1
Arm05	0	0	0	0	0	0	0	0	0	0
Arm06	144	2795	2795	0	2968	2968	0	2888	2888	0
Arm07	17	173	173	0	2289	2289	0	216	216	0
Arm08	137	5026	5026	0	5046	5041	5	7124	7120	4
Arm09	0	0	0	0	0	0	0	0	0	0
Arm10	0	0	0	0	0	0	0	0	0	0
Arm11	143	4324	4324	0	4349	4349	0	4327	4327	0
Armo01	0	0	0	0	0	0	0	0	0	0
Armo02	0	0	0	0	0	0	0	0	0	0
Armo03	0	0	0	0	0	0	0	0	0	0

total reads	27285
unrecognised reads	0
