marker	unique_seqs	tPaired	fPaired	rPaired	tLeft	fLeft	rLeft	tRight	fRight	rRight
Am-AG-1	0	0	0	0	1	0	1	0	0	0
Am-AG-10	0	0	0	0	0	0	0	0	0	0
Am-AG-11	0	0	0	0	0	0	0	0	0	0
Am-AG-2B	0	0	0	0	0	0	0	0	0	0
Am-AG-4B	0	0	0	0	0	0	0	0	0	0
Am-ATC-2	0	0	0	0	0	0	0	0	0	0
Am-ATC-3	0	0	0	0	0	0	0	0	0	0
Am-CT-2	0	0	0	0	0	0	0	0	0	0
Am-CT-5	0	0	0	0	0	0	0	0	0	0
Arm01	85	2237	2236	1	2560	2555	5	2580	2578	2
Arm02	0	0	0	0	0	0	0	0	0	0
Arm03	108	2124	2123	1	2177	2176	1	2223	2222	1
Arm04	275	4405	4405	0	4613	4611	2	4587	4584	3
Arm05	0	0	0	0	0	0	0	0	0	0
Arm06	141	1442	1442	0	1756	1752	4	1693	1693	0
Arm07	0	0	0	0	0	0	0	89	89	0
Arm08	144	3861	3861	0	3891	3881	10	3885	3876	9
Arm09	0	0	0	0	0	0	0	0	0	0
Arm10	0	0	0	0	0	0	0	0	0	0
Arm11	113	3472	3472	0	3490	3490	0	3484	3484	0
Armo01	0	0	0	0	0	0	0	0	0	0
Armo02	0	0	0	0	0	0	0	0	0	0
Armo03	0	0	0	0	0	0	0	0	0	0

total reads	18591
unrecognised reads	0
