marker	unique_seqs	tPaired	fPaired	rPaired	tLeft	fLeft	rLeft	tRight	fRight	rRight
Am-AG-1	0	0	0	0	11	0	11	0	0	0
Am-AG-10	0	0	0	0	0	0	0	0	0	0
Am-AG-11	0	0	0	0	0	0	0	0	0	0
Am-AG-2B	0	0	0	0	0	0	0	0	0	0
Am-AG-4B	0	0	0	0	0	0	0	0	0	0
Am-ATC-2	0	0	0	0	0	0	0	0	0	0
Am-ATC-3	0	0	0	0	0	0	0	0	0	0
Am-CT-2	0	0	0	0	0	0	0	0	0	0
Am-CT-5	0	0	0	0	0	0	0	0	0	0
Arm01	194	2744	2744	0	2973	2973	0	3013	3013	0
Arm02	0	0	0	0	0	0	0	0	0	0
Arm03	193	2485	2485	0	2582	2582	0	2617	2617	0
Arm04	860	4708	4708	0	4982	4982	0	4869	4868	1
Arm05	0	0	0	0	0	0	0	0	0	0
Arm06	152	2189	2189	0	2356	2356	0	2354	2354	0
Arm07	6	11	11	0	11	11	0	13	13	0
Arm08	129	3950	3950	0	3956	3956	0	3961	3961	0
Arm09	0	0	0	0	0	0	0	0	0	0
Arm10	0	0	0	0	0	0	0	0	0	0
Arm11	255	4064	4064	0	4079	4079	0	4067	4067	0
Armo01	0	0	0	0	0	0	0	0	0	0
Armo02	0	0	0	0	0	0	0	0	0	0
Armo03	0	0	0	0	0	0	0	0	0	0

total reads	20961
unrecognised reads	0
