marker	unique_seqs	tPaired	fPaired	rPaired	tLeft	fLeft	rLeft	tRight	fRight	rRight
Am-AG-1	0	0	0	0	5	0	5	0	0	0
Am-AG-10	0	0	0	0	0	0	0	0	0	0
Am-AG-11	0	0	0	0	0	0	0	0	0	0
Am-AG-2B	0	0	0	0	0	0	0	0	0	0
Am-AG-4B	0	0	0	0	0	0	0	0	0	0
Am-ATC-2	0	0	0	0	0	0	0	0	0	0
Am-ATC-3	0	0	0	0	0	0	0	0	0	0
Am-CT-2	0	0	0	0	0	0	0	0	0	0
Am-CT-5	0	0	0	0	0	0	0	0	0	0
Arm01	102	3666	3664	2	3851	3848	3	3905	3903	2
Arm02	0	0	0	0	0	0	0	0	0	0
Arm03	168	3762	3762	0	3866	3866	0	3888	3888	0
Arm04	372	6227	6227	0	6448	6448	0	6393	6392	1
Arm05	0	0	0	0	0	0	0	0	0	0
Arm06	155	3008	3008	0	3123	3121	2	3102	3102	0
Arm07	210	3586	3586	0	3638	3638	0	3662	3662	0
Arm08	154	5826	5825	1	5882	5876	6	5895	5890	5
Arm09	0	0	0	0	0	0	0	0	0	0
Arm10	0	0	0	0	0	0	0	0	0	0
Arm11	138	4535	4535	0	4549	4549	0	4535	4535	0
Armo01	0	0	0	0	0	0	0	0	0	0
Armo02	0	0	0	0	0	0	0	0	0	0
Armo03	0	0	0	0	0	0	0	0	0	0

total reads	31416
unrecognised reads	1
