marker	unique_seqs	tPaired	fPaired	rPaired	tLeft	fLeft	rLeft	tRight	fRight	rRight
Am-AG-1	0	0	0	0	2	0	2	0	0	0
Am-AG-10	0	0	0	0	0	0	0	0	0	0
Am-AG-11	0	0	0	0	0	0	0	0	0	0
Am-AG-2B	0	0	0	0	0	0	0	0	0	0
Am-AG-4B	0	0	0	0	0	0	0	0	0	0
Am-ATC-2	0	0	0	0	0	0	0	0	0	0
Am-ATC-3	0	0	0	0	0	0	0	0	0	0
Am-CT-2	0	0	0	0	0	0	0	0	0	0
Am-CT-5	0	0	0	0	0	0	0	0	0	0
Arm01	63	2095	2095	0	2239	2238	1	2282	2281	1
Arm02	0	0	0	0	0	0	0	0	0	0
Arm03	94	1742	1742	0	1806	1806	0	1844	1844	0
Arm04	232	3268	3268	0	3389	3389	0	3354	3353	1
Arm05	0	0	0	0	0	0	0	0	0	0
Arm06	69	1413	1413	0	1527	1526	1	1478	1478	0
Arm07	20	261	261	0	277	277	0	276	276	0
Arm08	71	3230	3230	0	3246	3246	0	3253	3253	0
Arm09	0	0	0	0	0	0	0	0	0	0
Arm10	0	0	0	0	0	0	0	0	0	0
Arm11	82	2416	2416	0	2425	2425	0	2417	2417	0
Armo01	0	0	0	0	0	0	0	0	0	0
Armo02	0	0	0	0	0	0	0	0	0	0
Armo03	0	0	0	0	0	0	0	0	0	0

total reads	14923
unrecognised reads	0
