marker	unique_seqs	tPaired	fPaired	rPaired	tLeft	fLeft	rLeft	tRight	fRight	rRight
Am-AG-1	0	0	0	0	2	0	2	0	0	0
Am-AG-10	0	0	0	0	0	0	0	0	0	0
Am-AG-11	0	0	0	0	0	0	0	0	0	0
Am-AG-2B	0	0	0	0	0	0	0	0	0	0
Am-AG-4B	0	0	0	0	0	0	0	0	0	0
Am-ATC-2	0	0	0	0	0	0	0	0	0	0
Am-ATC-3	0	0	0	0	0	0	0	0	0	0
Am-CT-2	0	0	0	0	0	0	0	0	0	0
Am-CT-5	0	0	0	0	0	0	0	0	0	0
Arm01	112	3286	3286	0	3481	3478	3	3568	3568	0
Arm02	0	0	0	0	0	0	0	0	0	0
Arm03	140	2691	2691	0	2806	2806	0	2832	2832	0
Arm04	301	4727	4727	0	4907	4906	1	4896	4895	1
Arm05	0	0	0	0	0	0	0	0	0	0
Arm06	132	2523	2523	0	2697	2697	0	2593	2593	0
Arm07	14	113	113	0	119	119	0	196	196	0
Arm08	113	4488	4486	2	4567	4563	4	4508	4504	4
Arm09	0	0	0	0	0	0	0	0	0	0
Arm10	0	0	0	0	0	0	0	0	0	0
Arm11	138	3502	3502	0	3515	3515	0	3503	3503	0
Armo01	0	0	0	0	0	0	0	0	0	0
Armo02	0	0	0	0	0	0	0	0	0	0
Armo03	0	0	0	0	0	0	0	0	0	0

total reads	22127
unrecognised reads	2
