marker	unique_seqs	tPaired	fPaired	rPaired	tLeft	fLeft	rLeft	tRight	fRight	rRight
Am-AG-1	0	0	0	0	0	0	0	0	0	0
Am-AG-10	0	0	0	0	0	0	0	0	0	0
Am-AG-11	0	0	0	0	0	0	0	0	0	0
Am-AG-2B	0	0	0	0	0	0	0	0	0	0
Am-AG-4B	0	0	0	0	0	0	0	0	0	0
Am-ATC-2	0	0	0	0	0	0	0	0	0	0
Am-ATC-3	0	0	0	0	0	0	0	0	0	0
Am-CT-2	0	0	0	0	0	0	0	0	0	0
Am-CT-5	0	0	0	0	0	0	0	0	0	0
Arm01	104	2176	2176	0	2413	2413	0	2433	2433	0
Arm02	0	0	0	0	0	0	0	0	0	0
Arm03	143	3077	3077	0	3152	3152	0	3204	3204	0
Arm04	342	5688	5688	0	5918	5918	0	5846	5846	0
Arm05	0	0	0	0	0	0	0	0	0	0
Arm06	131	2737	2737	0	2917	2917	0	2889	2889	0
Arm07	11	97	97	0	100	100	0	1609	1609	0
Arm08	7	49	49	0	54	54	0	52	52	0
Arm09	0	0	0	0	0	0	0	0	0	0
Arm10	0	0	0	0	0	0	0	0	0	0
Arm11	148	3994	3994	0	5411	5411	0	4010	4010	0
Armo01	0	0	0	0	0	0	0	0	0	0
Armo02	0	0	0	0	0	0	0	0	0	0
Armo03	0	0	0	0	0	0	0	0	0	0

total reads	20074
unrecognised reads	0
