marker	unique_seqs	tPaired	fPaired	rPaired	tLeft	fLeft	rLeft	tRight	fRight	rRight
Am-AG-1	0	0	0	0	1	0	1	0	0	0
Am-AG-10	0	0	0	0	0	0	0	0	0	0
Am-AG-11	0	0	0	0	0	0	0	0	0	0
Am-AG-2B	0	0	0	0	0	0	0	0	0	0
Am-AG-4B	0	0	0	0	0	0	0	0	0	0
Am-ATC-2	0	0	0	0	0	0	0	0	0	0
Am-ATC-3	0	0	0	0	0	0	0	0	0	0
Am-CT-2	0	0	0	0	0	0	0	0	0	0
Am-CT-5	0	0	0	0	0	0	0	0	0	0
Arm01	108	3386	3386	0	3663	3663	0	3714	3714	0
Arm02	0	0	0	0	0	0	0	0	0	0
Arm03	159	3360	3360	0	3495	3495	0	3544	3544	0
Arm04	232	3332	3332	0	3552	3552	0	3471	3470	1
Arm05	0	0	0	0	0	0	0	0	0	0
Arm06	153	3366	3366	0	3594	3594	0	3572	3572	0
Arm07	9	144	144	0	151	151	0	253	253	0
Arm08	64	2882	2882	0	2886	2886	0	2898	2897	1
Arm09	0	0	0	0	0	0	0	0	0	0
Arm10	0	0	0	0	0	0	0	0	0	0
Arm11	98	2548	2548	0	2558	2558	0	2558	2558	0
Armo01	0	0	0	0	0	0	0	0	0	0
Armo02	0	0	0	0	0	0	0	0	0	0
Armo03	0	0	0	0	0	0	0	0	0	0

total reads	20030
unrecognised reads	0
