marker	unique_seqs	tPaired	fPaired	rPaired	tLeft	fLeft	rLeft	tRight	fRight	rRight
Am-AG-1	0	0	0	0	0	0	0	0	0	0
Am-AG-10	0	0	0	0	0	0	0	0	0	0
Am-AG-11	0	0	0	0	0	0	0	0	0	0
Am-AG-2B	0	0	0	0	0	0	0	0	0	0
Am-AG-4B	0	0	0	0	0	0	0	0	0	0
Am-ATC-2	0	0	0	0	0	0	0	0	0	0
Am-ATC-3	0	0	0	0	0	0	0	0	0	0
Am-CT-2	0	0	0	0	0	0	0	0	0	0
Am-CT-5	0	0	0	0	0	0	0	0	0	0
Arm01	133	4522	4521	1	4719	4716	3	4745	4741	4
Arm02	0	0	0	0	0	0	0	0	0	0
Arm03	202	4412	4409	3	4540	4537	3	4545	4542	3
Arm04	414	6802	6802	0	6980	6979	1	6982	6981	1
Arm05	0	0	0	0	0	0	0	0	0	0
Arm06	147	3820	3820	0	3945	3945	0	3914	3914	0
Arm07	175	3178	3176	2	3263	3260	3	3266	3264	2
Arm08	163	5678	5678	0	5757	5756	1	5766	5765	1
Arm09	0	0	0	0	0	0	0	0	0	0
Arm10	0	0	0	0	0	0	0	0	0	0
Arm11	191	4423	4423	0	4443	4443	0	4425	4425	0
Armo01	0	0	0	0	0	0	0	0	0	0
Armo02	0	0	0	0	0	0	0	0	0	0
Armo03	0	0	0	0	0	0	0	0	0	0

total reads	33689
unrecognised reads	0
