marker	unique_seqs	tPaired	fPaired	rPaired	tLeft	fLeft	rLeft	tRight	fRight	rRight
Am-AG-1	0	0	0	0	8	0	8	0	0	0
Am-AG-10	0	0	0	0	0	0	0	0	0	0
Am-AG-11	0	0	0	0	0	0	0	0	0	0
Am-AG-2B	0	0	0	0	0	0	0	0	0	0
Am-AG-4B	0	0	0	0	0	0	0	0	0	0
Am-ATC-2	0	0	0	0	0	0	0	0	0	0
Am-ATC-3	0	0	0	0	0	0	0	0	0	0
Am-CT-2	0	0	0	0	0	0	0	0	0	0
Am-CT-5	0	0	0	0	0	0	0	0	0	0
Arm01	184	3781	3781	0	4034	4034	0	4054	4054	0
Arm02	0	0	0	0	0	0	0	0	0	0
Arm03	237	3504	3504	0	3610	3610	0	3636	3636	0
Arm04	482	4541	4540	1	4772	4771	1	4739	4738	1
Arm05	0	0	0	0	0	0	0	0	0	0
Arm06	161	2998	2998	0	3127	3127	0	3096	3096	0
Arm07	59	594	594	0	602	601	1	844	844	0
Arm08	120	5167	5166	1	5387	5386	1	5187	5186	1
Arm09	0	0	0	0	0	0	0	0	0	0
Arm10	0	0	0	0	0	0	0	0	0	0
Arm11	175	3937	3936	1	3945	3944	1	3941	3940	1
Armo01	0	0	0	0	0	0	0	0	0	0
Armo02	0	0	0	0	0	0	0	0	0	0
Armo03	0	0	0	0	0	0	0	0	0	0

total reads	25538
unrecognised reads	0
