marker	unique_seqs	tPaired	fPaired	rPaired	tLeft	fLeft	rLeft	tRight	fRight	rRight
Am-AG-1	0	0	0	0	3	0	3	0	0	0
Am-AG-10	0	0	0	0	0	0	0	0	0	0
Am-AG-11	0	0	0	0	0	0	0	0	0	0
Am-AG-2B	0	0	0	0	0	0	0	0	0	0
Am-AG-4B	0	0	0	0	0	0	0	0	0	0
Am-ATC-2	0	0	0	0	0	0	0	0	0	0
Am-ATC-3	0	0	0	0	0	0	0	0	0	0
Am-CT-2	0	0	0	0	0	0	0	0	0	0
Am-CT-5	0	0	0	0	0	0	0	0	0	0
Arm01	121	2172	2172	0	2276	2276	0	2284	2284	0
Arm02	0	0	0	0	0	0	0	0	0	0
Arm03	148	1955	1955	0	2005	2005	0	2031	2031	0
Arm04	261	2645	2644	1	2746	2744	2	2723	2722	1
Arm05	0	0	0	0	0	0	0	0	0	0
Arm06	98	1617	1617	0	1674	1674	0	1652	1652	0
Arm07	1	1	1	0	1	1	0	12	12	0
Arm08	95	2636	2636	0	2639	2638	1	2644	2644	0
Arm09	0	0	0	0	0	0	0	0	0	0
Arm10	0	0	0	0	0	0	0	0	0	0
Arm11	112	2132	2132	0	2138	2138	0	2133	2133	0
Armo01	0	0	0	0	0	0	0	0	0	0
Armo02	0	0	0	0	0	0	0	0	0	0
Armo03	0	0	0	0	0	0	0	0	0	0

total reads	13504
unrecognised reads	0
