marker	unique_seqs	tPaired	fPaired	rPaired	tLeft	fLeft	rLeft	tRight	fRight	rRight
Am-AG-1	0	0	0	0	0	0	0	0	0	0
Am-AG-10	0	0	0	0	0	0	0	0	0	0
Am-AG-11	0	0	0	0	0	0	0	0	0	0
Am-AG-2B	0	0	0	0	0	0	0	0	0	0
Am-AG-4B	0	0	0	0	0	0	0	0	0	0
Am-ATC-2	0	0	0	0	0	0	0	0	0	0
Am-ATC-3	0	0	0	0	0	0	0	0	0	0
Am-CT-2	0	0	0	0	0	0	0	0	0	0
Am-CT-5	0	0	0	0	0	0	0	0	0	0
Arm01	109	2281	2281	0	2558	2557	1	2546	2546	0
Arm02	0	0	0	0	0	0	0	0	0	0
Arm03	156	2145	2145	0	2178	2178	0	2214	2214	0
Arm04	316	3630	3630	0	3806	3806	0	3798	3796	2
Arm05	0	0	0	0	0	0	0	0	0	0
Arm06	161	1487	1487	0	1745	1745	0	1723	1723	0
Arm07	0	0	0	0	0	0	0	2223	2223	0
Arm08	13	105	105	0	2216	2214	2	110	110	0
Arm09	0	0	0	0	0	0	0	0	0	0
Arm10	0	0	0	0	0	0	0	0	0	0
Arm11	129	3340	3340	0	3347	3347	0	3343	3343	0
Armo01	0	0	0	0	0	0	0	0	0	0
Armo02	0	0	0	0	0	0	0	0	0	0
Armo03	0	0	0	0	0	0	0	0	0	0

total reads	15980
unrecognised reads	0
