marker	unique_seqs	tPaired	fPaired	rPaired	tLeft	fLeft	rLeft	tRight	fRight	rRight
Am-AG-1	0	0	0	0	3	0	3	0	0	0
Am-AG-10	0	0	0	0	0	0	0	0	0	0
Am-AG-11	0	0	0	0	0	0	0	0	0	0
Am-AG-2B	0	0	0	0	0	0	0	0	0	0
Am-AG-4B	0	0	0	0	0	0	0	0	0	0
Am-ATC-2	0	0	0	0	0	0	0	0	0	0
Am-ATC-3	0	0	0	0	0	0	0	0	0	0
Am-CT-2	0	0	0	0	0	0	0	0	0	0
Am-CT-5	0	0	0	0	0	0	0	0	0	0
Arm01	119	2150	2150	0	2299	2299	0	2283	2283	0
Arm02	0	0	0	0	0	0	0	0	0	0
Arm03	119	2080	2080	0	2137	2136	1	2154	2154	0
Arm04	336	3160	3160	0	3295	3295	0	3301	3299	2
Arm05	0	0	0	0	0	0	0	0	0	0
Arm06	92	1948	1948	0	2027	2027	0	2026	2026	0
Arm07	5	54	54	0	56	56	0	110	110	0
Arm08	95	3539	3539	0	3545	3544	1	3557	3555	2
Arm09	0	0	0	0	0	0	0	0	0	0
Arm10	0	0	0	0	0	0	0	0	0	0
Arm11	125	2790	2790	0	2807	2807	0	2790	2790	0
Armo01	0	0	0	0	0	0	0	0	0	0
Armo02	0	0	0	0	0	0	0	0	0	0
Armo03	0	0	0	0	0	0	0	0	0	0

total reads	16245
unrecognised reads	2
